65615 10836 4501 8 0 0
65615 10679 4501 8 0 0
65615 11521 4501 8 0 0
65615 12001 4501 8 0 0
65615 11197 4501 8 0 0
51563 11480 4233 8 0 0
51563 10921 4233 8 0 1
51563 10740 4233 8 0 1
51563 10545 4233 8 0 0
51563 10747 4233 8 0 1
46220 11725 3904 8 0 3
46220 11132 3904 8 0 1
46220 11254 3904 8 0 2
46220 10943 3904 8 0 0
46220 10537 3904 8 0 1
39739 10542 3542 8 0 1
39739 9692 3542 8 0 1
39739 9620 3542 8 0 1
39739 9478 3542 8 0 0
39739 10370 3542 8 0 1
37807 10187 3163 8 0 1
37807 10231 3163 8 0 1
37807 10568 3163 8 0 0
37807 10234 3163 8 0 1
37807 9809 3163 8 0 1
32342 9252 2654 8 0 0
32342 9110 2654 8 0 0
32342 9652 2654 8 0 2
32342 8910 2654 8 0 0
32342 8913 2654 8 0 0
27300 8494 2197 8 0 2
27300 8316 2197 8 0 1
27300 8234 2197 8 0 1
27300 9277 2197 8 0 0
27300 8347 2197 8 0 1
