29780 3361 3341 4 0 1
29780 3121 3341 4 0 0
29780 2832 3341 4 0 0
29780 2852 3341 4 0 0
29780 2855 3341 4 0 0
22823 3089 3032 4 0 0
22823 2726 3032 4 0 0
22823 2581 3032 4 0 0
22823 2998 3032 4 0 0
22823 3361 3032 4 0 1
21410 2861 2678 4 0 0
21410 2758 2678 4 0 0
21410 2205 2678 4 0 0
21410 2638 2678 4 0 1
21410 2884 2678 4 0 0
18000 2351 2292 4 0 0
18000 2249 2292 4 0 0
18000 2332 2292 4 0 0
18000 2600 2292 4 0 0
18000 2826 2292 4 0 0
15231 2639 1926 4 0 0
15231 2374 1926 4 0 0
15231 2339 1926 4 0 0
15231 2443 1926 4 0 1
15231 2553 1926 4 0 0
