48433 5830 4323 6 0 0
48433 6510 4323 6 0 0
48433 6199 4323 6 0 0
48433 6504 4323 6 0 0
48433 5709 4323 6 0 0
40219 5954 4094 6 0 0
40219 5671 4094 6 0 0
40219 5941 4094 6 0 0
40219 6113 4094 6 0 0
40219 5994 4094 6 0 0
32641 6381 3730 6 0 0
32641 5671 3730 6 0 1
32641 5970 3730 6 0 0
32641 5982 3730 6 0 0
32641 6093 3730 6 0 0
33101 5557 3324 6 0 0
33101 5405 3324 6 0 0
33101 5473 3324 6 0 0
33101 5761 3324 6 0 0
33101 5049 3324 6 0 0
25910 6349 2900 6 0 0
25910 5354 2900 6 0 0
25910 5704 2900 6 0 0
25910 5994 2900 6 0 0
25910 5193 2900 6 0 1
25283 5246 2892 6 0 1
25283 5074 2892 6 0 1
25283 5530 2892 6 0 0
25283 5854 2892 6 0 0
25283 6077 2892 6 0 1
24395 5006 2417 6 0 1
24395 5068 2417 6 0 1
24395 5202 2417 6 0 1
24395 5653 2417 6 0 0
24395 4357 2417 6 0 0
20647 4828 1965 6 0 0
20647 4888 1965 6 0 0
20647 5146 1965 6 0 2
20647 4482 1965 6 0 0
20647 4740 1965 6 0 1
