94486 11580 4379 8 0 1
94486 13623 4379 8 0 1
94486 11793 4379 8 0 0
94486 12299 4379 8 0 0
94486 12852 4379 8 0 3
93532 11911 4381 8 0 1
93532 12982 4381 8 0 1
93532 12172 4381 8 0 0
93532 12151 4381 8 0 2
93532 10856 4381 8 0 0
76710 11317 3864 8 0 0
76710 11648 3864 8 0 0
76710 12425 3864 8 0 2
76710 11881 3864 8 0 2
76710 12939 3864 8 0 0
57168 13170 3297 8 0 1
57168 11640 3297 8 0 2
57168 11824 3297 8 0 1
57168 11899 3297 8 0 3
57168 12684 3297 8 0 2
43117 10885 2731 8 0 1
43117 11344 2731 8 0 0
43117 10988 2731 8 0 1
43117 11610 2731 8 0 1
43117 11584 2731 8 0 1
31090 10481 2012 8 0 1
31090 10187 2012 8 0 1
31090 10894 2012 8 0 0
31090 11247 2012 8 0 0
31090 10315 2012 8 0 0
